# t (s)	mx ()	my ()	mz ()	B_extx (T)	B_exty (T)	B_extz (T)	m_fullx (A/m)	m_fully (A/m)	m_fullz (A/m)	m_full.region1x (A/m)	m_full.region1y (A/m)	m_full.region1z (A/m)	m_full.region2x (A/m)	m_full.region2y (A/m)	m_full.region2z (A/m)
0	0.62399775	0.62399596	-2.3121835e-10	0.070709854	0.070709854	0	15289.545	15289.502	-5.816529e-06	667985.44	205609.33	-7.398521e-05	205611.52	667985.1	-0.0002583531
0	0.6238667	0.6238646	-1.5814487e-10	0.07056971	0.07056971	0	15286.334	15286.283	-3.5026478e-06	668067.6	205343.25	-0.0001359184	205345.77	668067.25	-6.421196e-05
0	0.6237317	0.62372947	-2.3526608e-10	0.07042712	0.07042712	0	15283.025	15282.972	-6.533769e-06	668152.2	205069.48	-0.00018856744	205072.03	668151.75	-0.00018475174
0	0.62359685	0.62359464	-2.464082e-10	0.070287034	0.070287034	0	15279.721	15279.67	-6.0250995e-06	668236.5	204796.58	-0.00023596521	204799.11	668236.1	-0.00010829017
0	0.62346137	0.6234592	-1.4016091e-10	0.0701447	0.0701447	0	15276.401	15276.35	-4.3428254e-06	668320.94	204522.48	-0.00014964379	204525.03	668320.5	-9.849169e-05
0	0.6233253	0.62332314	-2.158633e-10	0.0700046	0.0700046	0	15273.067	15273.014	-7.677704e-06	668405.6	204247.17	-0.00020923084	204249.7	668405.25	-0.00022944922
0	0.62318957	0.62318754	-1.4512913e-10	0.06986236	0.06986236	0	15269.744	15269.69	-4.1944177e-06	668489.9	203972.92	-0.00014297749	203975.48	668489.5	-9.6678465e-05
0	0.6230531	0.623051	-2.1856476e-10	0.069720015	0.069720015	0	15266.396	15266.347	-6.3865364e-06	668574.5	203697.23	-0.00016073366	203699.78	668574.1	-0.0002041731
0	0.6229166	0.62291443	-2.7240502e-10	0.06957992	0.06957992	0	15263.053	15263	-6.912784e-06	668658.94	203421.7	-0.00015451795	203424.25	668658.44	-0.00024045697
0	0.62277997	0.6227779	-2.2801634e-10	0.069437355	0.069437355	0	15259.706	15259.654	-6.8345616e-06	668743.25	203146.17	-0.0002826244	203148.72	668742.8	-0.000107881104
0	0.62264276	0.6226406	-2.7032157e-10	0.069297224	0.069297224	0	15256.346	15256.292	-4.2892298e-06	668827.7	202869.6	-0.00021563617	202872.17	668827.25	-2.9437024e-05
0	0.62250537	0.6225032	-1.8041753e-10	0.06915493	0.06915493	0	15252.979	15252.925	-8.432331e-06	668912.1	202592.89	-0.00018160338	202595.47	668911.7	-0.00030019373
0	0.62236744	0.6223653	-3.8181344e-10	0.06901481	0.06901481	0	15249.599	15249.547	-6.723435e-06	668996.7	202315.17	-0.00016736655	202317.73	668996.3	-0.00021678954
0	0.62222934	0.62222725	-2.5400665e-10	0.06887121	0.06887121	0	15246.216	15246.162	-5.450119e-06	669081.1	202037.36	-0.00014351487	202039.9	669080.8	-0.00016788792
0	0.6220911	0.622089	-2.9888794e-10	0.06873101	0.06873101	0	15242.83	15242.775	-4.5792362e-06	669165.6	201759.52	-0.00013844918	201762.08	669165.2	-0.0001231941
0	0.62195235	0.62195027	-3.7639938e-10	0.068588786	0.068588786	0	15239.428	15239.377	-1.2659468e-05	669250.1	201480.7	-0.00024457462	201483.25	669249.75	-0.00047874782
0	0.6218137	0.6218116	-2.0795969e-10	0.068448305	0.068448305	0	15236.031	15235.979	-6.9184343e-06	669334.4	201202.25	-0.0002025722	201204.84	669334	-0.00019272552
0	0.6216743	0.6216723	-2.5633007e-10	0.0683061	0.0683061	0	15232.614	15232.564	-1.0046746e-05	669419	200922.55	-0.00018969119	200925.11	669418.56	-0.00038434853
0	0.62153494	0.6215328	-3.386462e-10	0.068165876	0.068165876	0	15229.2	15229.148	-5.0615668e-06	669503.4	200642.94	-0.00017564687	200645.53	669503	-0.00011355526
0	0.6213955	0.62139344	-5.1838983e-10	0.068023674	0.068023674	0	15225.784	15225.732	-8.204917e-06	669587.56	200363.6	-0.00027190315	200366.16	669587.25	-0.0001969002
0	0.62125516	0.6212531	-1.655417e-10	0.067881495	0.067881495	0	15222.346	15222.294	-3.5421745e-06	669672.1	200082.55	-0.0001530994	200085.11	669671.8	-4.928939e-05
0	0.62111485	0.62111276	-2.56534e-10	0.06774126	0.06774126	0	15218.904	15218.854	-4.514238e-06	669756.56	199801.55	-0.00017315376	199804.11	669756.2	-8.4775704e-05
0	0.62097406	0.6209719	-2.1428757e-10	0.06759908	0.06759908	0	15215.456	15215.404	-6.5741506e-06	669841.1	199519.95	-0.00020100165	199522.5	669840.7	-0.00017462483
0	0.62083346	0.6208314	-1.7328909e-10	0.06745857	0.06745857	0	15212.011	15211.959	-8.42715e-06	669925.4	199238.97	-0.00021123354	199241.52	669924.9	-0.00027026748
0	0.6206919	0.62068975	-1.6561799e-10	0.0673164	0.0673164	0	15208.544	15208.494	-7.268728e-06	670009.8	198956.28	-0.00012884865	198958.84	670009.56	-0.00028646382
0	0.6205509	0.6205487	-2.281667e-10	0.06717612	0.06717612	0	15205.086	15205.037	-2.2681702e-06	670093.9	198674.72	-9.542403e-05	198677.25	670093.56	-3.417214e-05
0	0.620408	0.6204059	-3.4386674e-10	0.06703257	0.06703257	0	15201.588	15201.536	-4.921485e-06	670178.9	198389.73	-0.00013011965	198392.28	670178.56	-0.00015107864
0	0.6202665	0.62026435	-2.8185848e-10	0.06689235	0.06689235	0	15198.119	15198.067	-7.063661e-06	670263	198107.55	-0.0001619912	198110.12	670262.56	-0.00024160437
0	0.6201242	0.6201222	-1.0552591e-10	0.06675015	0.06675015	0	15194.635	15194.581	-5.0410185e-06	670347.2	197824.22	-0.00011617545	197826.75	670346.8	-0.0001718526
0	0.6199813	0.61997914	-3.1854522e-10	0.06660991	0.06660991	0	15191.131	15191.078	-5.1467505e-06	670431.75	197539.52	-0.00018267611	197542.1	670431.4	-0.00011139315
0	0.6198381	0.61983603	-1.0854382e-10	0.06646746	0.06646746	0	15187.625	15187.57	-6.393851e-06	670516.06	197254.67	-0.00020926297	197257.23	670515.75	-0.0001560617
0	0.6196948	0.61969274	1.565665e-11	0.066327125	0.066327125	0	15184.112	15184.061	1.07854795e-07	670600.5	196969.69	-3.535419e-05	196972.25	670600.1	4.1516676e-05
0	0.61955106	0.619549	-1.537463e-10	0.066185005	0.066185005	0	15180.588	15180.537	-3.1661561e-06	670684.8	196684.05	-0.00019748409	196686.58	670684.44	1.65798e-05
0	0.61940706	0.619405	-3.7477899e-10	0.06604292	0.06604292	0	15177.061	15177.008	-6.817635e-06	670769.25	196398.05	-0.00020904165	196400.6	670768.9	-0.0001804967
0	0.6192629	0.61926085	-1.8515575e-10	0.065902665	0.065902665	0	15173.526	15173.477	-5.7849816e-06	670853.56	196111.98	-0.00015798908	196114.55	670853.2	-0.0001725467
0	0.6191185	0.6191164	-3.0956737e-10	0.06576051	0.06576051	0	15169.99	15169.942	-4.2116953e-06	670937.75	195825.67	-0.00014609184	195828.22	670937.44	-9.455128e-05
0	0.61897326	0.6189711	-2.6461905e-10	0.065620236	0.065620236	0	15166.432	15166.381	-5.810639e-06	671022.3	195537.8	-0.00011397002	195540.39	671021.8	-0.00021803174
0	0.61882806	0.618826	-2.5387767e-10	0.06547782	0.06547782	0	15162.875	15162.825	-6.0902e-06	671106.5	195250.31	-0.0002079447	195252.88	671106.2	-0.00014003032
0	0.6186827	0.61868054	-1.6237603e-10	0.06533745	0.06533745	0	15159.311	15159.26	-5.4453585e-06	671190.8	194962.25	-0.00020505293	194964.84	671190.5	-0.00010607785
0	0.61853695	0.6185348	-3.4692743e-10	0.065195374	0.065195374	0	15155.74	15155.689	-4.397466e-06	671275	194674.14	-0.000120700395	194676.69	671274.7	-0.0001305571
0	0.6183906	0.6183886	-2.8990402e-10	0.06505365	0.06505365	0	15152.154	15152.102	-7.358598e-06	671359.56	194384.75	-0.0001453002	194387.3	671359.06	-0.0002751471
0	0.6182441	0.6182422	-2.2746487e-10	0.06491158	0.06491158	0	15148.568	15148.518	-5.330227e-06	671443.7	194095.61	-0.00015077998	194098.17	671443.44	-0.00015377255
0	0.61809784	0.61809576	-3.24904e-10	0.0647712	0.0647712	0	15144.981	15144.93	-8.565839e-06	671527.75	193806.62	-0.00026043906	193809.19	671527.4	-0.00022898626
0	0.61795056	0.6179484	-2.7657265e-10	0.06462915	0.06462915	0	15141.373	15141.322	-8.972926e-06	671612.1	193516.19	-0.00036017888	193518.72	671611.7	-0.00015250608
0	0.617803	0.61780083	-4.3365006e-10	0.06448846	0.06448846	0	15137.756	15137.705	-1.0203895e-05	671696.5	193225.08	-0.00027583947	193227.66	671696.06	-0.00030717926
0	0.6176557	0.6176536	-2.2625277e-10	0.06434636	0.06434636	0	15134.146	15134.097	-5.110696e-06	671780.44	192934.95	-0.00016968216	192937.52	671780.06	-0.00012232707
0	0.61750746	0.6175053	-2.0035504e-10	0.06420602	0.06420602	0	15130.514	15130.464	-9.089354e-06	671864.8	192643.11	-0.00016780049	192645.64	671864.44	-0.00035153682
0	0.6173594	0.6173572	-2.36924e-10	0.06406402	0.06406402	0	15126.888	15126.836	-4.2225392e-06	671948.9	192351.61	-0.00014889416	192354.2	671948.56	-9.236855e-05
0	0.6172105	0.6172084	-2.3210447e-10	0.063922	0.063922	0	15123.237	15123.189	-5.754154e-06	672033.2	192059.02	-0.00023418419	192061.6	672032.8	-9.459019e-05
0	0.6170615	0.61705947	-2.4892016e-10	0.06378159	0.06378159	0	15119.588	15119.537	-6.9908915e-06	672117.3	191766.19	-0.00026881808	191768.73	672116.94	-0.00013061962
0	0.61691225	0.61691016	-1.9352529e-10	0.06363921	0.06363921	0	15115.932	15115.881	-6.0289904e-06	672201.56	191473.1	-0.0002220392	191475.69	672201.25	-0.00012243848
0	0.61676264	0.6167605	-9.9870306e-11	0.06349885	0.06349885	0	15112.266	15112.214	-2.5223842e-06	672285.6	191179.45	-9.218175e-05	191182.03	672285.3	-5.1939416e-05
0	0.6166129	0.6166108	-1.5507788e-10	0.06335679	0.06335679	0	15108.596	15108.544	-5.659925e-06	672369.75	190885.62	-0.00019286662	190888.17	672369.44	-0.00013052384
0	0.6164625	0.61646044	-5.373038e-10	0.0632164	0.0632164	0	15104.912	15104.862	-1.1873363e-05	672453.94	190591.05	-0.00034952248	190593.62	672453.56	-0.00032888443
0	0.616312	0.61630994	-3.1640215e-10	0.06307295	0.06307295	0	15101.225	15101.175	-8.513316e-06	672537.94	190296.34	-0.0002645031	190298.89	672537.7	-0.00022192126
0	0.61616105	0.61615896	-1.9749495e-10	0.06293256	0.06293256	0	15097.525	15097.474	-5.8489636e-06	672622.1	190000.75	-0.00017607707	190003.33	672621.75	-0.00015811446
0	0.6160101	0.61600804	-2.2470188e-10	0.0627905	0.0627905	0	15093.826	15093.775	-3.3602469e-06	672706.1	189705.53	-0.00018443895	189708.1	672705.75	-7.555063e-06
0	0.6158585	0.6158565	-3.690024e-10	0.062649734	0.062649734	0	15090.112	15090.0625	-6.086036e-06	672790.1	189409.22	-0.00022134536	189411.78	672789.8	-0.00012639175
0	0.6157068	0.6157047	-1.8006828e-10	0.06250778	0.06250778	0	15086.394	15086.344	-6.818911e-06	672874.1	189112.83	-0.00018548417	189115.39	672873.75	-0.00020412712
0	0.6155544	0.61555237	-3.7438727e-10	0.06236728	0.06236728	0	15082.661	15082.609	-8.934449e-06	672958.2	188815.36	-0.00030508582	188817.92	672957.94	-0.00020540075
0	0.615402	0.61539996	-3.0527442e-10	0.06222535	0.06222535	0	15078.928	15078.875	-6.1086284e-06	673042.1	188517.97	-0.00021802072	188520.6	673041.9	-0.00013100724
0	0.6152492	0.6152472	-1.4629464e-10	0.06208344	0.06208344	0	15075.185	15075.131	-5.5546516e-06	673126.2	188220.12	-0.00014906416	188222.72	673125.94	-0.0001683113
0	0.6150962	0.6150941	-2.0956736e-10	0.061942905	0.061942905	0	15071.435	15071.383	-4.66276e-06	673210.1	187922.08	-9.0170906e-05	187924.64	673209.6	-0.00017624466
0	0.61494267	0.6149406	-3.21515e-10	0.061800998	0.061800998	0	15067.669	15067.619	-5.1407856e-06	673294	187623	-0.0001666997	187625.56	673293.75	-0.00012702875
0	0.6147889	0.6147869	-2.0535289e-10	0.06166019	0.06166019	0	15063.906	15063.8545	-6.0748876e-06	673378	187324.06	-0.00017181296	187326.62	673377.56	-0.00017528718
0	0.6146345	0.6146324	-2.9983863e-10	0.06151828	0.06151828	0	15060.12	15060.072	-5.698954e-06	673462	187023.73	-0.0002165783	187026.3	673461.7	-0.00010904214
0	0.61448056	0.61447847	-2.120831e-10	0.06137774	0.06137774	0	15056.349	15056.299	-5.4236493e-06	673545.6	186724.53	-0.0002385406	186727.11	673545.3	-7.134981e-05
0	0.61432546	0.6143234	-3.1190128e-10	0.061235856	0.061235856	0	15052.549	15052.5	-7.762639e-06	673629.6	186423.44	-0.00026635977	186426	673629.3	-0.00017717323
0	0.61417025	0.6141682	-3.0777392e-10	0.061093815	0.061093815	0	15048.745	15048.693	-7.834795e-06	673713.56	186122.3	-0.00019805548	186124.86	673713.25	-0.00024960027
0	0.6140148	0.61401284	-2.3419047e-10	0.06095187	0.06095187	0	15044.936	15044.888	-7.3568526e-06	673797.4	185820.88	-0.00017198586	185823.42	673797.06	-0.00024836173
0	0.6138591	0.61385703	-3.4243086e-10	0.06081137	0.06081137	0	15041.12	15041.07	-7.263659e-06	673881.1	185519.03	-0.00019076852	185521.6	673880.9	-0.00022425431
0	0.6137029	0.6137008	-1.0450402e-10	0.060669135	0.060669135	0	15037.292	15037.242	-5.3990734e-06	673965	185216.42	-0.00020269504	185219	673964.7	-0.000105791165
0	0.6135466	0.6135445	-2.088361e-10	0.060528617	0.060528617	0	15033.464	15033.414	-5.4169222e-06	674048.56	184914.05	-0.000102041035	184916.61	674048.4	-0.00020746498
0	0.6133896	0.6133875	-6.966012e-11	0.0603867	0.0603867	0	15029.617	15029.567	-2.745958e-06	674132.44	184610.42	-9.849834e-05	184612.98	674132.25	-5.8397127e-05
0	0.6132326	0.6132306	-8.850997e-11	0.060244866	0.060244866	0	15025.773	15025.725	-3.6153167e-06	674216.06	184307.05	-0.00014875314	184309.58	674215.9	-5.781478e-05
0	0.6130751	0.6130731	-3.3880956e-10	0.06010433	0.06010433	0	15021.912	15021.861	-9.352741e-06	674299.9	184002.72	-0.00022339793	184005.25	674299.56	-0.00031098846
0	0.6129172	0.61291516	-1.369918e-10	0.05996244	0.05996244	0	15018.044	15017.994	-5.769873e-06	674383.44	183697.97	-0.00013474666	183700.52	674383.3	-0.00019492587
0	0.6127588	0.61275685	-1.1702465e-10	0.059821885	0.059821885	0	15014.162	15014.112	-3.6581478e-06	674467.3	183392.52	-0.000211254	183395.1	674467	2.238848e-06
0	0.61260074	0.6125988	-9.985265e-11	0.059679706	0.059679706	0	15010.287	15010.24	-4.4061258e-06	674550.7	183087.77	-0.00011239966	183090.31	674550.5	-0.0001393526
0	0.61244196	0.61243993	-1.2436362e-10	0.059539147	0.059539147	0	15006.398	15006.349	-2.8754032e-06	674634.25	182781.88	-0.0001211733	182784.44	674634.06	-4.311826e-05
0	0.61228263	0.6122805	-2.845573e-10	0.05939726	0.05939726	0	15002.492	15002.443	-6.7501433e-06	674718	182475.03	-0.00021842711	182477.61	674717.75	-0.00016725501
0	0.6121231	0.6121211	-3.8502757e-10	0.059255093	0.059255093	0	14998.586	14998.536	-1.1072936e-05	674801.56	182168.27	-0.00027560792	182170.81	674801.3	-0.00035706515
0	0.6119635	0.6119615	-1.9416592e-10	0.059113316	0.059113316	0	14994.675	14994.625	-5.283617e-06	674884.9	181861.44	-0.00017066248	181864	674884.6	-0.00013122692
0	0.61180294	0.61180097	-2.2503863e-10	0.058972638	0.058972638	0	14990.739	14990.692	-3.4078632e-06	674968.5	181553.03	-0.00014247975	181555.61	674968.3	-5.223491e-05
0	0.61164236	0.61164033	-1.3984396e-10	0.058830876	0.058830876	0	14986.805	14986.755	-3.4012216e-06	675052.06	181244.6	-9.101277e-05	181247.16	675051.75	-0.000103322425
0	0.61148155	0.6114795	-1.3561298e-10	0.058689874	0.058689874	0	14982.864	14982.815	-1.7300205e-06	675135.5	180936.05	-8.654748e-05	180938.61	675135.25	-1.2300487e-05
0	0.6113204	0.61131835	-2.3657568e-10	0.058548026	0.058548026	0	14978.917	14978.865	-7.5558282e-06	675218.9	180627.08	-0.00022145713	180629.62	675218.6	-0.00021025933
0	0.6111589	0.61115694	-2.3611907e-10	0.058407396	0.058407396	0	14974.961	14974.911	-5.5891296e-06	675302.1	180317.8	-0.00020716773	180320.34	675301.8	-0.00011217771
0	0.61099666	0.61099464	-2.9562738e-10	0.05826568	0.05826568	0	14970.984	14970.936	-4.9948662e-06	675385.56	180007.16	-0.00023750715	180009.72	675385.4	-4.788393e-05
0	0.6108344	0.61083245	-2.8053407e-10	0.058123965	0.058123965	0	14967.011	14966.958	-7.0789547e-06	675468.94	179696.67	-0.00026185758	179699.23	675468.6	-0.00014261181
0	0.61067206	0.61067003	-2.9986294e-10	0.05798323	0.05798323	0	14963.029	14962.981	-4.84451e-06	675552.2	179386.06	-0.00018296728	179388.6	675551.9	-9.38329e-05
0	0.61050904	0.610507	-3.3665165e-10	0.057841532	0.057841532	0	14959.036	14958.986	-8.346714e-06	675635.4	179074.6	-0.0002842067	179077.14	675635.2	-0.00019269841
0	0.61034554	0.6103436	-1.8742866e-10	0.057700448	0.057700448	0	14955.031	14954.981	-2.8974769e-06	675718.7	178762.48	-0.00020681604	178765.06	675718.4	4.126325e-05
0	0.61018187	0.6101799	-2.5047012e-10	0.057558686	0.057558686	0	14951.019	14950.971	-1.9637828e-06	675801.94	178450.11	-0.000116079646	178452.67	675801.6	3.875227e-06
0	0.61001784	0.61001587	-3.0118047e-10	0.057418007	0.057418007	0	14947	14946.953	-7.1167356e-06	675885.1	178137.34	-0.00022445514	178139.9	675884.9	-0.00018217291
0	0.6098534	0.6098514	-2.2166385e-10	0.05727468	0.05727468	0	14942.971	14942.922	-3.8020123e-06	675968.4	177823.81	-0.000116673444	177826.38	675968	-0.00010056167
0	0.6096886	0.6096866	-3.5093198e-10	0.05713398	0.05713398	0	14938.932	14938.885	-5.8338355e-06	676051.44	177509.95	-0.00016649884	177512.52	676051.25	-0.00016682832
0	0.6095235	0.6095215	-1.5881046e-10	0.056992244	0.056992244	0	14934.889	14934.841	-7.267018e-06	676134.5	177195.88	-0.0001675381	177198.42	676134.25	-0.00024767662
0	0.6093581	0.60935605	-3.1395012e-10	0.056851108	0.056851108	0	14930.834	14930.786	-6.2225326e-06	676217.44	176881.22	-0.00019883351	176883.78	676217.3	-0.00015670258
